# oST version 5.0 parameters


[image]

width
640

height
480

[narrow_stereo]

camera matrix
588.101848 0.000000 332.320496
0.000000 586.584530 241.523388
0.000000 0.000000 1.000000

distortion
0.073646 -0.196970 0.001872 0.003667 0.000000

rectification
1.000000 0.000000 0.000000
0.000000 1.000000 0.000000
0.000000 0.000000 1.000000

projection
589.484863 0.000000 334.074729 0.000000
0.000000 590.253723 241.639892 0.000000
0.000000 0.000000 1.000000 0.000000

